{
 "cells": [
  {
   "cell_type": "code",
   "execution_count": 1,
   "metadata": {
    "collapsed": false
   },
   "outputs": [
    {
     "ename": "SyntaxError",
     "evalue": "unexpected EOF while parsing (<ipython-input-1-4447dd616cd3>, line 10)",
     "output_type": "error",
     "traceback": [
      "\u001b[1;36m  File \u001b[1;32m\"<ipython-input-1-4447dd616cd3>\"\u001b[1;36m, line \u001b[1;32m10\u001b[0m\n\u001b[1;33m    #ToleranceTypical = [[1, 0.272393124891001, 0.159404100061947, 1, 0.682000635998092, 0.414794264019347, 0.0125771393978445, 0.0253045447520803, 0.272393124891001, 0.800000000000000, 0.0511852780660476, 0.215535459447264, 0.215535459447264, 0.131756857875541, 0.131756857875541, 0.0253045447520803, 0.414794264019347, 1, 0.0775906383531779, 1, 0.800000000000000, 0.272393124891001, 0.414794264019347, 0.104466528811010, 1, 0.0253045447520803], [0.272393124891001, 1, 0.657002829714982, 0.272393124891001, 0.442913985468845, 0.722649901887385, 0.0511852780660476, 0.104466528811010, 1, 0.367544467966324, 0.215535459447264, 0.843826238111394, 0.843826238111394, 0.552786404500042, 0.552786404500042, 0.104466528811010, 0.722649901887385, 0.272393124891001, 0.329521600345194, 0.272393124891001, 0.367544467966324, 1, 0.722649901887385, 0.442913985468844, 0.272393124891001, 0.104466528811010], [0.159404100061947, 0.657002829714982, 1, 0.159404100061947, 0.260985650494807, 0.442913985468845, 0.0864997216088605, 0.178005063473214, 0.657002829714982, 0.215535459447264, 0.367544467966324, 0.800000000000000, 0.800000000000000, 0.871963120067104, 0.871963120067104, 0.178005063473214, 0.442913985468845, 0.159404100061947, 0.552786404500042, 0.159404100061947, 0.215535459447264, 0.657002829714982, 0.442913985468845, 0.722649901887385, 0.159404100061947, 0.178005063473214], [1, 0.272393124891001, 0.159404100061947, 1, 0.682000635998092, 0.414794264019347, 0.0125771393978445, 0.0253045447520803, 0.272393124891001, 0.800000000000000, 0.0511852780660476, 0.215535459447264, 0.215535459447264, 0.131756857875541, 0.131756857875541, 0.0253045447520803, 0.414794264019347, 1, 0.0775906383531779, 1, 0.800000000000000, 0.272393124891001, 0.414794264019347, 0.104466528811010, 1, 0.0253045447520803], [0.682000635998092, 0.442913985468845, 0.260985650494807, 0.682000635998092, 1, 0.657002829714982, 0.0201959412195933, 0.0407670796270822, 0.442913985468845, 0.871963120067104, 0.0829299437467651, 0.352351579904460, 0.352351579904460, 0.215535459447264, 0.215535459447264, 0.0407670796270822, 0.657002829714982, 0.682000635998092, 0.126268382131509, 0.682000635998092, 0.871963120067104, 0.442913985468845, 0.657002829714982, 0.170549869189968, 0.682000635998092, 0.0407670796270822], [0.414794264019347, 0.722649901887385, 0.442913985468845, 0.414794264019347, 0.657002829714982, 1, 0.0338699232534842, 0.0687338526671650, 0.722649901887385, 0.552786404500042, 0.140935819408383, 0.588235294117647, 0.588235294117647, 0.367544467966324, 0.367544467966324, 0.0687338526671650, 1, 0.414794264019347, 0.215535459447264, 0.414794264019347, 0.552786404500042, 0.722649901887385, 1, 0.291427710959086, 0.414794264019347, 0.0687338526671650], [0.0125771393978445, 0.0511852780660476, 0.0864997216088605, 0.0125771393978445, 0.0201959412195933, 0.0338699232534842, 1, 0.552786404500042, 0.0511852780660476, 0.0168032122943935, 0.272393124891001, 0.0643257076722920, 0.0643257076722920, 0.104466528811010, 0.104466528811010, 0.552786404500042, 0.0338699232534842, 0.0125771393978445, 0.178005063473214, 0.0125771393978445, 0.0168032122943935, 0.0511852780660476, 0.0338699232534842, 0.131756857875541, 0.0125771393978445, 0.552786404500042], [0.0253045447520803, 0.104466528811010, 0.178005063473214, 0.0253045447520803, 0.0407670796270822, 0.0687338526671650, 0.552786404500042, 1, 0.104466528811010, 0.0338699232534842, 0.552786404500042, 0.131756857875541, 0.131756857875541, 0.215535459447264, 0.215535459447264, 1, 0.0687338526671650, 0.0253045447520803, 0.367544467966324, 0.0253045447520803, 0.0338699232534842, 0.104466528811010, 0.0687338526671650, 0.272393124891001, 0.0253045447520803, 1], [0.272393124891001, 1, 0.657002829714982, 0.272393124891001, 0.442913985468845, 0.722649901887385, 0.0511852780660476, 0.104466528811010, 1, 0.367544467966324, 0.215535459447264, 0.843826238111394, 0.843826238111394, 0.552786404500042, 0.552786404500042, 0.104466528811010, 0.722649901887385, 0.272393124891001, 0.329521600345194, 0.272393124891001, 0.367544467966324, 1, 0.722649901887385, 0.442913985468844, 0.272393124891001, 0.104466528811010], [0.800000000000000, 0.367544467966324, 0.215535459447264, 0.800000000000000, 0.871963120067104, 0.552786404500042, 0.0168032122943935, 0.0338699232534842, 0.367544467966324, 1, 0.0687338526671650, 0.291427710959086, 0.291427710959086, 0.178005063473214, 0.178005063473214, 0.0338699232534842, 0.552786404500042, 0.800000000000000, 0.104466528811010, 0.800000000000000, 1, 0.367544467966324, 0.552786404500042, 0.140935819408383, 0.800000000000000, 0.0338699232534842], [0.0511852780660476, 0.215535459447264, 0.367544467966324, 0.0511852780660476, 0.0829299437467651, 0.140935819408383, 0.272393124891001, 0.552786404500042, 0.215535459447264, 0.0687338526671650, 1, 0.272393124891001, 0.272393124891001, 0.442913985468844, 0.442913985468844, 0.552786404500042, 0.140935819408383, 0.0511852780660476, 0.722649901887385, 0.0511852780660476, 0.0687338526671650, 0.215535459447264, 0.140935819408383, 0.552786404500042, 0.0511852780660476, 0.552786404500042], [0.215535459447264, 0.843826238111394, 0.800000000000000, 0.215535459447264, 0.352351579904460, 0.588235294117647, 0.0643257076722920, 0.131756857875541, 0.843826238111394, 0.291427710959086, 0.272393124891001, 1, 1, 0.682000635998092, 0.682000635998092, 0.131756857875541, 0.588235294117647, 0.215535459447264, 0.414794264019347, 0.215535459447264, 0.291427710959086, 0.843826238111394, 0.588235294117647, 0.552786404500042, 0.215535459447264, 0.131756857875541], [0.215535459447264, 0.843826238111394, 0.800000000000000, 0.215535459447264, 0.352351579904460, 0.588235294117647, 0.0643257076722920, 0.131756857875541, 0.843826238111394, 0.291427710959086, 0.272393124891001, 1, 1, 0.682000635998092, 0.682000635998092, 0.131756857875541, 0.588235294117647, 0.215535459447264, 0.414794264019347, 0.215535459447264, 0.291427710959086, 0.843826238111394, 0.588235294117647, 0.552786404500042, 0.215535459447264, 0.131756857875541], [0.131756857875541, 0.552786404500042, 0.871963120067104, 0.131756857875541, 0.215535459447264, 0.367544467966324, 0.104466528811010, 0.215535459447264, 0.552786404500042, 0.178005063473214, 0.442913985468844, 0.682000635998092, 0.682000635998092, 1, 1, 0.215535459447264, 0.367544467966324, 0.131756857875541, 0.657002829714982, 0.131756857875541, 0.178005063473214, 0.552786404500042, 0.367544467966324, 0.843826238111394, 0.131756857875541, 0.215535459447264], [0.131756857875541, 0.552786404500042, 0.871963120067104, 0.131756857875541, 0.215535459447264, 0.367544467966324, 0.104466528811010, 0.215535459447264, 0.552786404500042, 0.178005063473214, 0.442913985468844, 0.682000635998092, 0.682000635998092, 1, 1, 0.215535459447264, 0.367544467966324, 0.131756857875541, 0.657002829714982, 0.131756857875541, 0.178005063473214, 0.552786404500042, 0.367544467966324, 0.843826238111394, 0.131756857875541, 0.215535459447264], [0.0253045447520803, 0.104466528811010, 0.178005063473214, 0.0253045447520803, 0.0407670796270822, 0.0687338526671650, 0.552786404500042, 1, 0.104466528811010, 0.0338699232534842, 0.552786404500042, 0.131756857875541, 0.131756857875541, 0.215535459447264, 0.215535459447264, 1, 0.0687338526671650, 0.0253045447520803, 0.367544467966324, 0.0253045447520803, 0.0338699232534842, 0.104466528811010, 0.0687338526671650, 0.272393124891001, 0.0253045447520803, 1], [0.414794264019347, 0.722649901887385, 0.442913985468845, 0.414794264019347, 0.657002829714982, 1, 0.0338699232534842, 0.0687338526671650, 0.722649901887385, 0.552786404500042, 0.140935819408383, 0.588235294117647, 0.588235294117647, 0.367544467966324, 0.367544467966324, 0.0687338526671650, 1, 0.414794264019347, 0.215535459447264, 0.414794264019347, 0.552786404500042, 0.722649901887385, 1, 0.291427710959086, 0.414794264019347, 0.0687338526671650], [1, 0.272393124891001, 0.159404100061947, 1, 0.682000635998092, 0.414794264019347, 0.0125771393978445, 0.0253045447520803, 0.272393124891001, 0.800000000000000, 0.0511852780660476, 0.215535459447264, 0.215535459447264, 0.131756857875541, 0.131756857875541, 0.0253045447520803, 0.414794264019347, 1, 0.0775906383531779, 1, 0.800000000000000, 0.272393124891001, 0.414794264019347, 0.104466528811010, 1, 0.0253045447520803], [0.0775906383531779, 0.329521600345194, 0.552786404500042, 0.0775906383531779, 0.126268382131509, 0.215535459447264, 0.178005063473214, 0.367544467966324, 0.329521600345194, 0.104466528811010, 0.722649901887385, 0.414794264019347, 0.414794264019347, 0.657002829714982, 0.657002829714982, 0.367544467966324, 0.215535459447264, 0.0775906383531779, 1, 0.0775906383531779, 0.104466528811010, 0.329521600345194, 0.215535459447264, 0.800000000000000, 0.0775906383531779, 0.367544467966324], [1, 0.272393124891001, 0.159404100061947, 1, 0.682000635998092, 0.414794264019347, 0.0125771393978445, 0.0253045447520803, 0.272393124891001, 0.800000000000000, 0.0511852780660476, 0.215535459447264, 0.215535459447264, 0.131756857875541, 0.131756857875541, 0.0253045447520803, 0.414794264019347, 1, 0.0775906383531779, 1, 0.800000000000000, 0.272393124891001, 0.414794264019347, 0.104466528811010, 1, 0.0253045447520803], [0.800000000000000, 0.367544467966324, 0.215535459447264, 0.800000000000000, 0.871963120067104, 0.552786404500042, 0.0168032122943935, 0.0338699232534842, 0.367544467966324, 1, 0.0687338526671650, 0.291427710959086, 0.291427710959086, 0.178005063473214, 0.178005063473214, 0.0338699232534842, 0.552786404500042, 0.800000000000000, 0.104466528811010, 0.800000000000000, 1, 0.367544467966324, 0.552786404500042, 0.140935819408383, 0.800000000000000, 0.0338699232534842], [0.272393124891001, 1, 0.657002829714982, 0.272393124891001, 0.442913985468845, 0.722649901887385, 0.0511852780660476, 0.104466528811010, 1, 0.367544467966324, 0.215535459447264, 0.843826238111394, 0.843826238111394, 0.552786404500042, 0.552786404500042, 0.104466528811010, 0.722649901887385, 0.272393124891001, 0.329521600345194, 0.272393124891001, 0.367544467966324, 1, 0.722649901887385, 0.442913985468844, 0.272393124891001, 0.104466528811010], [0.414794264019347, 0.722649901887385, 0.442913985468845, 0.414794264019347, 0.657002829714982, 1, 0.0338699232534842, 0.0687338526671650, 0.722649901887385, 0.552786404500042, 0.140935819408383, 0.588235294117647, 0.588235294117647, 0.367544467966324, 0.367544467966324, 0.0687338526671650, 1, 0.414794264019347, 0.215535459447264, 0.414794264019347, 0.552786404500042, 0.722649901887385, 1, 0.291427710959086, 0.414794264019347, 0.0687338526671650], [0.104466528811010, 0.442913985468844, 0.722649901887385, 0.104466528811010, 0.170549869189968, 0.291427710959086, 0.131756857875541, 0.272393124891001, 0.442913985468844, 0.140935819408383, 0.552786404500042, 0.552786404500042, 0.552786404500042, 0.843826238111394, 0.843826238111394, 0.272393124891001, 0.291427710959086, 0.104466528811010, 0.800000000000000, 0.104466528811010, 0.140935819408383, 0.442913985468844, 0.291427710959086, 1, 0.104466528811010, 0.272393124891001], [1, 0.272393124891001, 0.159404100061947, 1, 0.682000635998092, 0.414794264019347, 0.0125771393978445, 0.0253045447520803, 0.272393124891001, 0.800000000000000, 0.0511852780660476, 0.215535459447264, 0.215535459447264, 0.131756857875541, 0.131756857875541, 0.0253045447520803, 0.414794264019347, 1, 0.0775906383531779, 1, 0.800000000000000, 0.272393124891001, 0.414794264019347, 0.104466528811010, 1, 0.0253045447520803], [0.0253045447520803, 0.104466528811010, 0.178005063473214, 0.0253045447520803, 0.0407670796270822, 0.0687338526671650, 0.552786404500042, 1, 0.104466528811010, 0.0338699232534842, 0.552786404500042, 0.131756857875541, 0.131756857875541, 0.215535459447264, 0.215535459447264, 1, 0.0687338526671650, 0.0253045447520803, 0.367544467966324, 0.0253045447520803, 0.0338699232534842, 0.104466528811010, 0.0687338526671650, 0.272393124891001, 0.0253045447520803, 1]]\u001b[0m\n\u001b[1;37m                                                                                                                                                                                                                                                                                                                                                                                                                                                                                                                                                                                                                                                                                                                                                                                                                                                                                                                                                                                                                                                                                                                                                                                                                                                                                                                                                                                                                                                                                                                                                                                                                                                                                                                                                                                                                                                                                                                                                                                                                                                                                                                                                                                                                                                                                                                                                                                                                                                                                                                                                                                                                                                                                                                                                                                                                                                                                                                                                                                                                                                                                                                                                                                                                                                                                                                                                                                                                                                                                                                                                                                                                                                                                                                                                                                                                                                                                                                                                                                                                                                                                                                                                                                                                                                                                                                                                                                                                                                                                                                                                                                                                                                                                                                                                                                                                                                                                                                                                                                                                                                                                                                                                                                                                                                                                                                                                                                                                                                                                                                                                                                                                                                                                                                                                                                                                                                                                                                                                                                                                                                                                                                                                                                                                                                                                                                                                                                                                                                                                                                                                                                                                                                                                                                                                                                                                                                                                                                                                                                                                                                                                                                                                                                                                                                                                                                                                                                                                                                                                                                                                                                                                                                                                                                                                                                                                                                                                                                                                                                                                                                                                                                                                                                                                                                                                                                                                                                                                                                                                                                                                                                                                                                                                                                                                                                                                                                                                                                                                                                                                                                                                                                                                                                                                                                                                                                                                                                                                                                                                                                                                                                                                                                                                                                                                                                                                                                                                                                                                                                                                                                                                                                                                                                                                                                                                                                                                                                                                                                                                                                                                                                                                                                                                                                                                                                                                                                                                                                                                                                                                                                                                                                                                                                                                                                                                                                                                                                                                                                                                                                                                                                                                                                                                                                                                                                                                                                                                                                                                                                                                                                                                                                                                                                                                                                                                                                                                                                                                      ^\u001b[0m\n\u001b[1;31mSyntaxError\u001b[0m\u001b[1;31m:\u001b[0m unexpected EOF while parsing\n"
     ]
    }
   ],
   "source": [
    "Applications = [[1, 0, 0, 0, 0, 0, 0, 0, 0, 0, 0, 0.166666666666667, 0.166666666666667, 0, 0, 0, 0, 0, 0, 0, 0, 0, 0, 0, 0, 0], [0, 1, 0, 0, 0, 0, 0, 0, 0, 0, 0, 0, 0, 0, 0, 0, 0.142857142857143, 0, 0, 0, 0.142857142857143, 0, 0, 0.125000000000000, 0, 0], [0, 0, 1, 0, 0, 0, 0, 0, 0, 0.100000000000000, 0, 0, 0, 0, 0, 0, 0, 0, 0, 0, 0, 0, 0, 0.111111111111111, 0, 0.142857142857143], [0, 0, 0, 1, 0.200000000000000, 0, 0, 0, 0, 0, 0, 0.166666666666667, 0.166666666666667, 0, 0, 0, 0.166666666666667, 0, 0, 0.166666666666667, 0, 0.166666666666667, 0, 0, 0.142857142857143, 0], [0, 0, 0, 0.200000000000000, 1, 0, 0, 0, 0, 0, 0, 0, 0, 0, 0, 0, 0, 0, 0, 0, 0, 0.166666666666667, 0, 0, 0.142857142857143, 0], [0, 0, 0, 0, 0, 1, 0, 0, 0, 0, 0, 0, 0, 0, 0, 0.250000000000000, 0.166666666666667, 0, 0, 0, 0, 0, 0, 0, 0, 0.200000000000000], [0, 0, 0, 0, 0, 0, 1, 0.666666666666667, 0, 0, 0, 0, 0, 0, 0, 0, 0, 0, 0, 0, 0, 0, 0, 0, 0, 0], [0, 0, 0, 0, 0, 0, 0.666666666666667, 1, 0, 0, 0, 0, 0, 0.125000000000000, 0, 0, 0, 0, 0, 0, 0, 0, 0, 0, 0, 0], [0, 0, 0, 0, 0, 0, 0, 0, 1, 0, 0, 0, 0, 0, 0, 0, 0, 0.111111111111111, 0, 0, 0, 0, 0, 0, 0, 0], [0, 0, 0.100000000000000, 0, 0, 0, 0, 0, 0, 1, 0, 0, 0, 0, 0, 0, 0.111111111111111, 0, 0, 0, 0.111111111111111, 0, 0.142857142857143, 0.222222222222222, 0, 0.125000000000000], [0, 0, 0, 0, 0, 0, 0, 0, 0, 0, 1, 0, 0, 0, 0, 0, 0, 0, 0, 0, 0, 0, 0, 0, 0, 0], [0.166666666666667, 0, 0, 0.166666666666667, 0, 0, 0, 0, 0, 0, 0, 1, 1, 0, 0, 0, 0.142857142857143, 0, 0, 0.142857142857143, 0, 0, 0, 0, 0, 0], [0.166666666666667, 0, 0, 0.166666666666667, 0, 0, 0, 0, 0, 0, 0, 1, 1, 0, 0, 0, 0.142857142857143, 0, 0, 0.142857142857143, 0, 0, 0, 0, 0, 0], [0, 0, 0, 0, 0, 0, 0, 0.125000000000000, 0, 0, 0, 0, 0, 1, 0, 0, 0, 0, 0, 0, 0, 0, 0, 0, 0, 0], [0, 0, 0, 0, 0, 0, 0, 0, 0, 0, 0, 0, 0, 0, 1, 0, 0, 0, 0, 0, 0, 0, 0, 0, 0, 0], [0, 0, 0, 0, 0, 0.250000000000000, 0, 0, 0, 0, 0, 0, 0, 0, 0, 1, 0.200000000000000, 0, 0, 0, 0, 0, 0, 0, 0, 0.666666666666667], [0, 0.142857142857143, 0, 0.166666666666667, 0, 0.166666666666667, 0, 0, 0, 0.111111111111111, 0, 0.142857142857143, 0.142857142857143, 0, 0, 0.200000000000000, 1, 0, 0, 0.142857142857143, 0.142857142857143, 0, 0, 0, 0, 0.166666666666667], [0, 0, 0, 0, 0, 0, 0, 0, 0.111111111111111, 0, 0, 0, 0, 0, 0, 0, 0, 1, 0, 0, 0, 0, 0, 0, 0, 0], [0, 0, 0, 0, 0, 0, 0, 0, 0, 0, 0, 0, 0, 0, 0, 0, 0, 0, 1, 0, 0, 0, 0, 0, 0, 0], [0, 0, 0, 0.166666666666667, 0, 0, 0, 0, 0, 0, 0, 0.142857142857143, 0.142857142857143, 0, 0, 0, 0.142857142857143, 0, 0, 1, 0, 0, 0, 0, 0, 0], [0, 0.142857142857143, 0, 0, 0, 0, 0, 0, 0, 0.111111111111111, 0, 0, 0, 0, 0, 0, 0.142857142857143, 0, 0, 0, 1, 0, 0, 0, 0, 0], [0, 0, 0, 0.166666666666667, 0.166666666666667, 0, 0, 0, 0, 0, 0, 0, 0, 0, 0, 0, 0, 0, 0, 0, 0, 1, 0, 0, 0.125000000000000, 0], [0, 0, 0, 0, 0, 0, 0, 0, 0, 0.142857142857143, 0, 0, 0, 0, 0, 0, 0, 0, 0, 0, 0, 0, 1, 0, 0, 0], [0, 0.125000000000000, 0.111111111111111, 0, 0, 0, 0, 0, 0, 0.222222222222222, 0, 0, 0, 0, 0, 0, 0, 0, 0, 0, 0, 0, 0, 1, 0, 0.142857142857143], [0, 0, 0, 0.142857142857143, 0.142857142857143, 0, 0, 0, 0, 0, 0, 0, 0, 0, 0, 0, 0, 0, 0, 0, 0, 0.125000000000000, 0, 0, 1, 0], [0, 0, 0.142857142857143, 0, 0, 0.200000000000000, 0, 0, 0, 0.125000000000000, 0, 0, 0, 0, 0, 0.666666666666667, 0.166666666666667, 0, 0, 0, 0, 0, 0, 0.142857142857143, 0, 1]]\n",
    "MaterialsFeasible = [[1, 0, 0, 0.250000000000000, 0, 0, 0, 0, 0, 0, 0, 0.250000000000000, 0.250000000000000, 0, 0, 0.0555555555555556, 0, 0.333333333333333, 0, 1, 0, 0, 0, 0, 1, 0.0555555555555556],[0, 1, 0.636363636363636, 0, 0, 0.250000000000000, 0.500000000000000, 0.571428571428571, 0.538461538461538, 0.700000000000000, 0.538461538461538, 0, 0, 0.615384615384615, 0.636363636363636, 0.444444444444444, 0.615384615384615, 0, 0.727272727272727, 0, 0.615384615384615, 0.538461538461538, 1, 0.636363636363636, 0, 0.444444444444444[0, 0.636363636363636, 1, 0, 0, 0.545454545454545, 0.769230769230769, 0.714285714285714, 0.833333333333333, 0.727272727272727, 0.833333333333333, 0, 0, 0.769230769230769, 0.428571428571429, 0.555555555555556, 0.769230769230769, 0, 0.615384615384615, 0, 0.769230769230769, 0.833333333333333, 0.636363636363636, 1, 0, 0.555555555555556],[0.250000000000000, 0, 0, 1, 0.500000000000000, 0, 0, 0, 0, 0, 0, 1, 1, 0, 0.0769230769230769, 0.222222222222222, 0, 0.750000000000000, 0, 0.250000000000000, 0, 0, 0, 0, 0.250000000000000, 0.222222222222222],[0, 0, 0, 0.500000000000000, 1, 0, 0, 0, 0, 0, 0, 0.500000000000000, 0.500000000000000, 0, 0.0909090909090909, 0.111111111111111, 0, 0.250000000000000, 0, 0, 0, 0, 0, 0, 0, 0.111111111111111],[0, 0.250000000000000, 0.545454545454545, 0, 0, 1, 0.538461538461538, 0.500000000000000, 0.583333333333333, 0.333333333333333, 0.583333333333333, 0, 0, 0.538461538461538, 0.133333333333333, 0.388888888888889, 0.538461538461538, 0, 0.285714285714286, 0, 0.538461538461538, 0.583333333333333, 0.250000000000000, 0.545454545454545, 0, 0.388888888888889],[0, 0.500000000000000, 0.769230769230769, 0, 0, 0.538461538461538, 1, 0.928571428571429, 0.923076923076923, 0.692307692307692, 0.923076923076923, 0, 0, 0.857142857142857, 0.533333333333333, 0.722222222222222, 0.857142857142857, 0, 0.714285714285714, 0, 0.857142857142857, 0.923076923076923, 0.500000000000000, 0.769230769230769, 0, 0.722222222222222],[0, 0.571428571428571, 0.714285714285714, 0, 0, 0.500000000000000, 0.928571428571429, 1, 0.857142857142857, 0.642857142857143, 0.857142857142857, 0, 0, 0.928571428571429, 0.600000000000000, 0.777777777777778, 0.928571428571429, 0, 0.785714285714286, 0, 0.928571428571429, 0.857142857142857, 0.571428571428571, 0.714285714285714, 0, 0.777777777777778], [0, 0.538461538461538, 0.833333333333333, 0, 0, 0.583333333333333, 0.923076923076923, 0.857142857142857, 1, 0.750000000000000, 1, 0, 0, 0.923076923076923, 0.466666666666667, 0.666666666666667, 0.923076923076923, 0, 0.642857142857143, 0, 0.923076923076923, 1, 0.538461538461538, 0.833333333333333, 0, 0.666666666666667], [0, 0.700000000000000, 0.727272727272727, 0, 0, 0.333333333333333, 0.692307692307692, 0.642857142857143, 0.750000000000000, 1, 0.750000000000000, 0, 0, 0.692307692307692, 0.583333333333333, 0.500000000000000, 0.692307692307692, 0, 0.818181818181818, 0, 0.692307692307692, 0.750000000000000, 0.700000000000000, 0.727272727272727, 0, 0.500000000000000], [0, 0.538461538461538, 0.833333333333333, 0, 0, 0.583333333333333, 0.923076923076923, 0.857142857142857, 1, 0.750000000000000, 1, 0, 0, 0.923076923076923, 0.466666666666667, 0.666666666666667, 0.923076923076923, 0, 0.642857142857143, 0, 0.923076923076923, 1, 0.538461538461538, 0.833333333333333, 0, 0.666666666666667], [0.250000000000000, 0, 0, 1, 0.500000000000000, 0, 0, 0, 0, 0, 0, 1, 1, 0, 0.0769230769230769, 0.222222222222222, 0, 0.750000000000000, 0, 0.250000000000000, 0, 0, 0, 0, 0.250000000000000, 0.222222222222222], [0.250000000000000, 0, 0, 1, 0.500000000000000, 0, 0, 0, 0, 0, 0, 1, 1, 0, 0.0769230769230769, 0.222222222222222, 0, 0.750000000000000, 0, 0.250000000000000, 0, 0, 0, 0, 0.250000000000000, 0.222222222222222], [0, 0.615384615384615, 0.769230769230769, 0, 0, 0.538461538461538, 0.857142857142857, 0.928571428571429, 0.923076923076923, 0.692307692307692, 0.923076923076923, 0, 0, 1, 0.533333333333333, 0.722222222222222, 1, 0, 0.714285714285714, 0, 1, 0.923076923076923, 0.615384615384615, 0.769230769230769, 0, 0.722222222222222], [0, 0.636363636363636, 0.428571428571429, 0.0769230769230769, 0.0909090909090909, 0.133333333333333, 0.533333333333333, 0.600000000000000, 0.466666666666667, 0.583333333333333, 0.466666666666667, 0.0769230769230769, 0.0769230769230769, 0.533333333333333, 1, 0.555555555555556, 0.533333333333333, 0, 0.750000000000000, 0, 0.533333333333333, 0.466666666666667, 0.636363636363636, 0.428571428571429, 0, 0.555555555555556], [0.0555555555555556, 0.444444444444444, 0.555555555555556, 0.222222222222222, 0.111111111111111, 0.388888888888889, 0.722222222222222, 0.777777777777778, 0.666666666666667, 0.500000000000000, 0.666666666666667, 0.222222222222222, 0.222222222222222, 0.722222222222222, 0.555555555555556, 1, 0.722222222222222, 0.166666666666667, 0.611111111111111, 0.0555555555555556, 0.722222222222222, 0.666666666666667, 0.444444444444444, 0.555555555555556, 0.0555555555555556, 1], [0, 0.615384615384615, 0.769230769230769, 0, 0, 0.538461538461538, 0.857142857142857, 0.928571428571429, 0.923076923076923, 0.692307692307692, 0.923076923076923, 0, 0, 1, 0.533333333333333, 0.722222222222222, 1, 0, 0.714285714285714, 0, 1, 0.923076923076923, 0.615384615384615, 0.769230769230769, 0, 0.722222222222222], [0.333333333333333, 0, 0, 0.750000000000000, 0.250000000000000, 0, 0, 0, 0, 0, 0, 0.750000000000000, 0.750000000000000, 0, 0, 0.166666666666667, 0, 1, 0, 0.333333333333333, 0, 0, 0, 0, 0.333333333333333, 0.166666666666667], [0, 0.727272727272727, 0.615384615384615, 0, 0, 0.285714285714286, 0.714285714285714, 0.785714285714286, 0.642857142857143, 0.818181818181818, 0.642857142857143, 0, 0, 0.714285714285714, 0.750000000000000, 0.611111111111111, 0.714285714285714, 0, 1, 0, 0.714285714285714, 0.642857142857143, 0.727272727272727, 0.615384615384615, 0, 0.611111111111111], [1, 0, 0, 0.250000000000000, 0, 0, 0, 0, 0, 0, 0, 0.250000000000000, 0.250000000000000, 0, 0, 0.0555555555555556, 0, 0.333333333333333, 0, 1, 0, 0, 0, 0, 1, 0.0555555555555556], [0, 0.615384615384615, 0.769230769230769, 0, 0, 0.538461538461538, 0.857142857142857, 0.928571428571429, 0.923076923076923, 0.692307692307692, 0.923076923076923, 0, 0, 1, 0.533333333333333, 0.722222222222222, 1, 0, 0.714285714285714, 0, 1, 0.923076923076923, 0.615384615384615, 0.769230769230769, 0, 0.722222222222222], [0, 0.538461538461538, 0.833333333333333, 0, 0, 0.583333333333333, 0.923076923076923, 0.857142857142857, 1, 0.750000000000000, 1, 0, 0, 0.923076923076923, 0.466666666666667, 0.666666666666667, 0.923076923076923, 0, 0.642857142857143, 0, 0.923076923076923, 1, 0.538461538461538, 0.833333333333333, 0, 0.666666666666667], [0, 1, 0.636363636363636, 0, 0, 0.250000000000000, 0.500000000000000, 0.571428571428571, 0.538461538461538, 0.700000000000000, 0.538461538461538, 0, 0, 0.615384615384615, 0.636363636363636, 0.444444444444444, 0.615384615384615, 0, 0.727272727272727, 0, 0.615384615384615, 0.538461538461538, 1, 0.636363636363636, 0, 0.444444444444444], [0, 0.636363636363636, 1, 0, 0, 0.545454545454545, 0.769230769230769, 0.714285714285714, 0.833333333333333, 0.727272727272727, 0.833333333333333, 0, 0, 0.769230769230769, 0.428571428571429, 0.555555555555556, 0.769230769230769, 0, 0.615384615384615, 0, 0.769230769230769, 0.833333333333333, 0.636363636363636, 1, 0, 0.555555555555556],[1, 0, 0, 0.250000000000000, 0, 0, 0, 0, 0, 0, 0, 0.250000000000000, 0.250000000000000, 0, 0, 0.0555555555555556, 0, 0.333333333333333, 0, 1, 0, 0, 0, 0, 1, 0.0555555555555556],[0.0555555555555556, 0.444444444444444, 0.555555555555556, 0.222222222222222, 0.111111111111111, 0.388888888888889, 0.722222222222222, 0.777777777777778, 0.666666666666667, 0.500000000000000, 0.666666666666667, 0.222222222222222, 0.222222222222222, 0.722222222222222, 0.555555555555556, 1, 0.722222222222222, 0.166666666666667, 0.611111111111111, 0.0555555555555556, 0.722222222222222, 0.666666666666667, 0.444444444444444, 0.555555555555556, 0.0555555555555556, 1]]\n",
